-3768.000000
-3750.000000
-3741.000000
-3670.000000
-3604.000000
-3544.000000
-3428.000000
-3368.000000
-3306.000000
-3144.000000
-2983.000000
-2918.000000
-2836.000000
-2787.000000
-2829.000000
-2797.000000
-2760.000000
-2679.000000
-2632.000000
-2697.000000
-2753.000000
-2870.000000
-3075.000000
-3248.000000
-3339.000000
-3376.000000
-3286.000000
-3228.000000
-3204.000000
-3053.000000
-2975.000000
-2895.000000
-2759.000000
-2623.000000
-2453.000000
-2282.000000
-2260.000000
-2357.000000
-2422.000000
-2451.000000
-2527.000000
-2610.000000
-2672.000000
-2723.000000
-2826.000000
-2921.000000
-3005.000000
-3095.000000
-3053.000000
-3085.000000
-3149.000000
-3250.000000
-3434.000000
-3396.000000
-3365.000000
-3376.000000
-3359.000000
-3266.000000
-3191.000000
-3153.000000
-3246.000000
-3654.000000
-3669.000000
-3685.000000
-3644.000000
-3608.000000
-3602.000000
-3566.000000
-3545.000000
-3535.000000
-3382.000000
-3223.000000
-3161.000000
-3075.000000
-3038.000000
-3057.000000
-3053.000000
-3064.000000
-3015.000000
-2953.000000
-2984.000000
-3066.000000
-3242.000000
-3403.000000
-3464.000000
-3420.000000
-3310.000000
-3325.000000
-3319.000000
-3310.000000
-3169.000000
-3047.000000
-2932.000000
-2719.000000
-2578.000000
-2462.000000
-2391.000000
-2442.000000
-2563.000000
-2669.000000
-2752.000000
-2812.000000
-2861.000000
-2916.000000
-2983.000000
-3065.000000
-3143.000000
-3192.000000
-3239.000000
-3265.000000
-3302.000000
-3334.000000
-3410.000000
-3472.000000
-3419.000000
-3337.000000
-3261.000000
-3255.000000
-3163.000000
-3059.000000
-3038.000000
-3059.000000
-3506.000000
-3545.000000
-3608.000000
-3568.000000
-3551.000000
-3625.000000
-3684.000000
-3618.000000
-3570.000000
-3549.000000
-3477.000000
-3424.000000
-3312.000000
-3339.000000
-3327.000000
-3347.000000
-3437.000000
-3405.000000
-3268.000000
-3268.000000
-3306.000000
-3483.000000
-3603.000000
-3618.000000
-3578.000000
-3512.000000
-3480.000000
-3419.000000
-3398.000000
-3241.000000
-3057.000000
-2865.000000
-2655.000000
-2584.000000
-2565.000000
-2544.000000
-2671.000000
-2824.000000
-2958.000000
-3087.000000
-3111.000000
-3116.000000
-3158.000000
-3218.000000
-3316.000000
-3409.000000
-3391.000000
-3439.000000
-3439.000000
-3418.000000
-3442.000000
-3471.000000
-3448.000000
-3450.000000
-3370.000000
-3293.000000
-3306.000000
-3244.000000
-3108.000000
-3007.000000
-2958.000000
-3273.000000
-3323.000000
-3389.000000
-3360.000000
-3355.000000
-3408.000000
-3486.000000
-3414.000000
-3408.000000
-3449.000000
-3455.000000
-3474.000000
-3504.000000
-3547.000000
-3559.000000
-3506.000000
-3584.000000
-3630.000000
-3515.000000
-3551.000000
-3586.000000
-3701.000000
-3729.000000
-3769.000000
-3767.000000
-3761.000000
-3656.000000
-3445.000000
-3351.000000
-3209.000000
-3027.000000
-2894.000000
-2812.000000
-2859.000000
-2911.000000
-2961.000000
-3044.000000
-3142.000000
-3240.000000
-3388.000000
-3348.000000
-3347.000000
-3404.000000
-3497.000000
-3552.000000
-3608.000000
-3598.000000
-3602.000000
-3561.000000
-3526.000000
-3552.000000
-3574.000000
-3525.000000
-3553.000000
-3460.000000
-3538.000000
-3588.000000
-3502.000000
-3390.000000
-3293.000000
-3213.000000
-2982.000000
-3025.000000
-3061.000000
-3066.000000
-3068.000000
-3085.000000
-3126.000000
-3093.000000
-3126.000000
-3158.000000
-3212.000000
-3290.000000
-3355.000000
-3413.000000
-3431.000000
-3444.000000
-3548.000000
-3648.000000
-3674.000000
-3758.000000
-3800.000000
-3898.000000
-3954.000000
-3963.000000
-3960.000000
-3891.000000
-3739.000000
-3489.000000
-3385.000000
-3312.000000
-3255.000000
-3219.000000
-3225.000000
-3258.000000
-3317.000000
-3373.000000
-3437.000000
-3463.000000
-3497.000000
-3592.000000
-3583.000000
-3634.000000
-3650.000000
-3724.000000
-3733.000000
-3744.000000
-3719.000000
-3657.000000
-3622.000000
-3643.000000
-3689.000000
-3755.000000
-3766.000000
-3836.000000
-3780.000000
-3821.000000
-3805.000000
-3777.000000
-3688.000000
-3601.000000
-3551.000000
-2689.000000
-2726.000000
-2740.000000
-2767.000000
-2768.000000
-2756.000000
-2814.000000
-2833.000000
-2865.000000
-2880.000000
-2958.000000
-3056.000000
-3151.000000
-3220.000000
-3319.000000
-3466.000000
-3634.000000
-3791.000000
-3907.000000
-3962.000000
-4011.000000
-4119.000000
-4155.000000
-4113.000000
-4074.000000
-3997.000000
-3890.000000
-3686.000000
-3624.000000
-3571.000000
-3547.000000
-3558.000000
-3646.000000
-3630.000000
-3679.000000
-3704.000000
-3718.000000
-3714.000000
-3732.000000
-3809.000000
-3786.000000
-3768.000000
-3767.000000
-3818.000000
-3837.000000
-3795.000000
-3754.000000
-3711.000000
-3661.000000
-3763.000000
-3871.000000
-3991.000000
-3989.000000
-3966.000000
-3932.000000
-3925.000000
-3926.000000
-3875.000000
-3838.000000
-3832.000000
-3830.000000
-2446.000000
-2476.000000
-2493.000000
-2514.000000
-2515.000000
-2509.000000
-2548.000000
-2599.000000
-2649.000000
-2722.000000
-2835.000000
-2938.000000
-3098.000000
-3252.000000
-3373.000000
-3562.000000
-3770.000000
-3908.000000
-3982.000000
-4039.000000
-4084.000000
-4115.000000
-4138.000000
-4148.000000
-4110.000000
-4073.000000
-3966.000000
-3867.000000
-3863.000000
-3804.000000
-3764.000000
-3808.000000
-3812.000000
-3800.000000
-3804.000000
-3795.000000
-3794.000000
-3796.000000
-3787.000000
-3827.000000
-3819.000000
-3806.000000
-3780.000000
-3779.000000
-3803.000000
-3799.000000
-3751.000000
-3740.000000
-3753.000000
-3871.000000
-3975.000000
-4048.000000
-4045.000000
-4002.000000
-3954.000000
-3927.000000
-3943.000000
-3922.000000
-3913.000000
-3900.000000
-3904.000000
-2225.000000
-2256.000000
-2272.000000
-2301.000000
-2296.000000
-2273.000000
-2312.000000
-2422.000000
-2507.000000
-2626.000000
-2783.000000
-3009.000000
-3225.000000
-3417.000000
-3585.000000
-3757.000000
-3904.000000
-3994.000000
-4004.000000
-4028.000000
-4082.000000
-4060.000000
-4066.000000
-4034.000000
-4013.000000
-3954.000000
-3899.000000
-3865.000000
-3844.000000
-3847.000000
-3786.000000
-3743.000000
-3740.000000
-3786.000000
-3762.000000
-3769.000000
-3774.000000
-3754.000000
-3742.000000
-3790.000000
-3802.000000
-3797.000000
-3779.000000
-3757.000000
-3714.000000
-3680.000000
-3668.000000
-3677.000000
-3715.000000
-3791.000000
-3960.000000
-4019.000000
-4050.000000
-4007.000000
-3972.000000
-3957.000000
-3973.000000
-3975.000000
-3984.000000
-3980.000000
-3972.000000
-2039.000000
-2082.000000
-2088.000000
-2151.000000
-2142.000000
-2076.000000
-2143.000000
-2414.000000
-2559.000000
-2734.000000
-2942.000000
-3196.000000
-3420.000000
-3597.000000
-3776.000000
-3892.000000
-3962.000000
-3942.000000
-3912.000000
-3889.000000
-3872.000000
-3856.000000
-3862.000000
-3804.000000
-3747.000000
-3703.000000
-3630.000000
-3646.000000
-3734.000000
-3769.000000
-3717.000000
-3613.000000
-3535.000000
-3564.000000
-3586.000000
-3637.000000
-3688.000000
-3672.000000
-3706.000000
-3730.000000
-3757.000000
-3749.000000
-3713.000000
-3688.000000
-3625.000000
-3619.000000
-3598.000000
-3579.000000
-3561.000000
-3626.000000
-3730.000000
-3820.000000
-3957.000000
-3952.000000
-3958.000000
-3951.000000
-3995.000000
-4014.000000
-4021.000000
-4036.000000
-4016.000000
-1966.000000
-2017.000000
-2038.000000
-2145.000000
-2155.000000
-2111.000000
-2285.000000
-2586.000000
-2837.000000
-3128.000000
-3343.000000
-3472.000000
-3645.000000
-3766.000000
-3798.000000
-3864.000000
-3804.000000
-3704.000000
-3631.000000
-3636.000000
-3578.000000
-3436.000000
-3439.000000
-3538.000000
-3465.000000
-3385.000000
-3444.000000
-3612.000000
-3707.000000
-3687.000000
-3592.000000
-3485.000000
-3291.000000
-3385.000000
-3418.000000
-3428.000000
-3520.000000
-3530.000000
-3589.000000
-3625.000000
-3651.000000
-3676.000000
-3675.000000
-3637.000000
-3610.000000
-3629.000000
-3592.000000
-3568.000000
-3501.000000
-3534.000000
-3537.000000
-3561.000000
-3763.000000
-3812.000000
-3804.000000
-3832.000000
-3942.000000
-4004.000000
-4003.000000
-4008.000000
-3990.000000
-2003.000000
-2066.000000
-2130.000000
-2316.000000
-2389.000000
-2489.000000
-2701.000000
-2889.000000
-3102.000000
-3312.000000
-3509.000000
-3611.000000
-3721.000000
-3766.000000
-3789.000000
-3810.000000
-3712.000000
-3596.000000
-3509.000000
-3427.000000
-3409.000000
-3314.000000
-3439.000000
-3626.000000
-3698.000000
-3618.000000
-3698.000000
-3809.000000
-3861.000000
-3835.000000
-3752.000000
-3665.000000
-3606.000000
-3655.000000
-3632.000000
-3632.000000
-3584.000000
-3537.000000
-3530.000000
-3524.000000
-3571.000000
-3685.000000
-3690.000000
-3662.000000
-3679.000000
-3736.000000
-3783.000000
-3769.000000
-3739.000000
-3764.000000
-3692.000000
-3713.000000
-3701.000000
-3741.000000
-3724.000000
-3715.000000
-3790.000000
-3862.000000
-3917.000000
-3933.000000
-3881.000000
-2105.000000
-2192.000000
-2252.000000
-2609.000000
-2817.000000
-2872.000000
-2981.000000
-3175.000000
-3357.000000
-3500.000000
-3584.000000
-3682.000000
-3798.000000
-3825.000000
-3860.000000
-3887.000000
-3762.000000
-3611.000000
-3560.000000
-3554.000000
-3501.000000
-3407.000000
-3625.000000
-3902.000000
-4089.000000
-4042.000000
-4080.000000
-4125.000000
-4124.000000
-4095.000000
-4020.000000
-3970.000000
-4080.000000
-4136.000000
-4111.000000
-4040.000000
-3878.000000
-3651.000000
-3567.000000
-3482.000000
-3546.000000
-3642.000000
-3647.000000
-3640.000000
-3641.000000
-3701.000000
-3822.000000
-3822.000000
-3877.000000
-3863.000000
-3755.000000
-3773.000000
-3845.000000
-3785.000000
-3750.000000
-3717.000000
-3696.000000
-3734.000000
-3825.000000
-3837.000000
-3745.000000
-2368.000000
-2491.000000
-2663.000000
-2897.000000
-3109.000000
-3261.000000
-3370.000000
-3483.000000
-3554.000000
-3641.000000
-3653.000000
-3728.000000
-3833.000000
-3908.000000
-4001.000000
-4133.000000
-4068.000000
-3957.000000
-3928.000000
-3900.000000
-3833.000000
-3837.000000
-4019.000000
-4257.000000
-4431.000000
-4404.000000
-4441.000000
-4474.000000
-4433.000000
-4417.000000
-4400.000000
-4409.000000
-4500.000000
-4569.000000
-4594.000000
-4446.000000
-4238.000000
-3966.000000
-3786.000000
-3727.000000
-3702.000000
-3693.000000
-3688.000000
-3669.000000
-3668.000000
-3666.000000
-3724.000000
-3739.000000
-3808.000000
-3766.000000
-3692.000000
-3804.000000
-3764.000000
-3763.000000
-3796.000000
-3833.000000
-3818.000000
-3809.000000
-3839.000000
-3794.000000
-3770.000000
-2546.000000
-2759.000000
-2953.000000
-3153.000000
-3374.000000
-3615.000000
-3719.000000
-3805.000000
-3815.000000
-3817.000000
-3833.000000
-3907.000000
-3999.000000
-4131.000000
-4260.000000
-4381.000000
-4443.000000
-4463.000000
-4392.000000
-4341.000000
-4253.000000
-4248.000000
-4402.000000
-4567.000000
-4706.000000
-4747.000000
-4761.000000
-4768.000000
-4771.000000
-4773.000000
-4788.000000
-4818.000000
-4819.000000
-4918.000000
-4942.000000
-4793.000000
-4530.000000
-4270.000000
-4077.000000
-4044.000000
-3969.000000
-3922.000000
-3869.000000
-3831.000000
-3809.000000
-3772.000000
-3724.000000
-3734.000000
-3793.000000
-3743.000000
-3706.000000
-3691.000000
-3652.000000
-3713.000000
-3757.000000
-3810.000000
-3848.000000
-3869.000000
-3934.000000
-3935.000000
-3935.000000
-2825.000000
-3037.000000
-3195.000000
-3356.000000
-3535.000000
-3726.000000
-3996.000000
-4076.000000
-4096.000000
-4098.000000
-4184.000000
-4318.000000
-4317.000000
-4410.000000
-4528.000000
-4620.000000
-4727.000000
-4795.000000
-4760.000000
-4711.000000
-4611.000000
-4575.000000
-4733.000000
-4805.000000
-4825.000000
-4886.000000
-4916.000000
-5014.000000
-5101.000000
-5145.000000
-5133.000000
-5112.000000
-5126.000000
-5163.000000
-5159.000000
-5082.000000
-4789.000000
-4574.000000
-4450.000000
-4442.000000
-4458.000000
-4415.000000
-4371.000000
-4266.000000
-4080.000000
-4008.000000
-3920.000000
-3858.000000
-4028.000000
-4034.000000
-3958.000000
-3838.000000
-3765.000000
-3844.000000
-3885.000000
-3828.000000
-3820.000000
-3848.000000
-3859.000000
-3864.000000
-3849.000000
-3342.000000
-3411.000000
-3418.000000
-3542.000000
-3701.000000
-3840.000000
-4140.000000
-4278.000000
-4380.000000
-4434.000000
-4472.000000
-4679.000000
-4708.000000
-4758.000000
-4676.000000
-4789.000000
-4892.000000
-4939.000000
-4968.000000
-4913.000000
-4907.000000
-4895.000000
-4891.000000
-4915.000000
-4880.000000
-4915.000000
-5090.000000
-5264.000000
-5399.000000
-5485.000000
-5395.000000
-5368.000000
-5440.000000
-5394.000000
-5330.000000
-5233.000000
-5044.000000
-4882.000000
-4870.000000
-4903.000000
-4948.000000
-4882.000000
-4800.000000
-4697.000000
-4522.000000
-4390.000000
-4345.000000
-4264.000000
-4497.000000
-4439.000000
-4314.000000
-4173.000000
-4151.000000
-4116.000000
-4104.000000
-4054.000000
-3989.000000
-3914.000000
-3823.000000
-3738.000000
-3705.000000
-3765.000000
-3870.000000
-3938.000000
-3946.000000
-3982.000000
-4019.000000
-4184.000000
-4415.000000
-4598.000000
-4672.000000
-4745.000000
-4940.000000
-5003.000000
-5004.000000
-4954.000000
-5024.000000
-5124.000000
-5187.000000
-5269.000000
-5258.000000
-5235.000000
-5186.000000
-5150.000000
-5140.000000
-5130.000000
-5295.000000
-5402.000000
-5548.000000
-5649.000000
-5674.000000
-5638.000000
-5632.000000
-5623.000000
-5589.000000
-5559.000000
-5508.000000
-5417.000000
-5299.000000
-5270.000000
-5216.000000
-5189.000000
-5134.000000
-5054.000000
-4972.000000
-4912.000000
-4798.000000
-4725.000000
-4694.000000
-4759.000000
-4660.000000
-4510.000000
-4425.000000
-4412.000000
-4394.000000
-4369.000000
-4335.000000
-4263.000000
-4173.000000
-4031.000000
-3871.000000
-3802.000000
-4145.000000
-4331.000000
-4521.000000
-4437.000000
-4363.000000
-4200.000000
-4259.000000
-4502.000000
-4724.000000
-4870.000000
-4969.000000
-5157.000000
-5267.000000
-5290.000000
-5264.000000
-5315.000000
-5474.000000
-5608.000000
-5669.000000
-5661.000000
-5554.000000
-5469.000000
-5452.000000
-5468.000000
-5544.000000
-5705.000000
-5783.000000
-5829.000000
-5806.000000
-5815.000000
-5802.000000
-5775.000000
-5782.000000
-5738.000000
-5756.000000
-5763.000000
-5754.000000
-5619.000000
-5568.000000
-5580.000000
-5506.000000
-5463.000000
-5417.000000
-5356.000000
-5277.000000
-5153.000000
-5032.000000
-5024.000000
-4984.000000
-4876.000000
-4754.000000
-4690.000000
-4679.000000
-4643.000000
-4625.000000
-4624.000000
-4534.000000
-4402.000000
-4219.000000
-4010.000000
-3931.000000
-4492.000000
-4707.000000
-4854.000000
-4801.000000
-4659.000000
-4496.000000
-4481.000000
-4671.000000
-4909.000000
-5117.000000
-5228.000000
-5435.000000
-5585.000000
-5637.000000
-5672.000000
-5717.000000
-5837.000000
-5901.000000
-5910.000000
-5904.000000
-5833.000000
-5817.000000
-5829.000000
-5878.000000
-5900.000000
-5955.000000
-5952.000000
-5963.000000
-5920.000000
-5888.000000
-5867.000000
-5835.000000
-5791.000000
-5741.000000
-5734.000000
-5749.000000
-5771.000000
-5735.000000
-5696.000000
-5701.000000
-5620.000000
-5567.000000
-5538.000000
-5519.000000
-5460.000000
-5421.000000
-5294.000000
-5242.000000
-5178.000000
-5111.000000
-5000.000000
-4916.000000
-4883.000000
-4841.000000
-4818.000000
-4823.000000
-4746.000000
-4595.000000
-4414.000000
-4217.000000
-4145.000000
-4812.000000
-4937.000000
-5110.000000
-5126.000000
-4987.000000
-4804.000000
-4826.000000
-4933.000000
-5153.000000
-5360.000000
-5543.000000
-5745.000000
-5905.000000
-6004.000000
-6063.000000
-6053.000000
-6105.000000
-6156.000000
-6145.000000
-6121.000000
-6116.000000
-6137.000000
-6136.000000
-6143.000000
-6133.000000
-6124.000000
-6063.000000
-6025.000000
-5983.000000
-5926.000000
-5898.000000
-5860.000000
-5764.000000
-5689.000000
-5673.000000
-5694.000000
-5731.000000
-5732.000000
-5707.000000
-5679.000000
-5619.000000
-5576.000000
-5548.000000
-5536.000000
-5489.000000
-5448.000000
-5369.000000
-5320.000000
-5284.000000
-5211.000000
-5153.000000
-5089.000000
-5057.000000
-4990.000000
-4943.000000
-4918.000000
-4871.000000
-4765.000000
-4619.000000
-4480.000000
-4381.000000
-5081.000000
-5156.000000
-5279.000000
-5258.000000
-5215.000000
-5186.000000
-5229.000000
-5308.000000
-5453.000000
-5606.000000
-5835.000000
-6038.000000
-6192.000000
-6280.000000
-6295.000000
-6264.000000
-6291.000000
-6317.000000
-6322.000000
-6278.000000
-6313.000000
-6323.000000
-6311.000000
-6264.000000
-6236.000000
-6232.000000
-6137.000000
-6052.000000
-5998.000000
-5958.000000
-5902.000000
-5812.000000
-5718.000000
-5660.000000
-5615.000000
-5642.000000
-5708.000000
-5707.000000
-5692.000000
-5675.000000
-5627.000000
-5561.000000
-5509.000000
-5487.000000
-5474.000000
-5426.000000
-5371.000000
-5331.000000
-5319.000000
-5260.000000
-5214.000000
-5182.000000
-5144.000000
-5078.000000
-5024.000000
-4996.000000
-4991.000000
-4919.000000
-4804.000000
-4715.000000
-4592.000000
-5210.000000
-5262.000000
-5325.000000
-5399.000000
-5410.000000
-5489.000000
-5594.000000
-5654.000000
-5773.000000
-5919.000000
-6067.000000
-6188.000000
-6274.000000
-6329.000000
-6333.000000
-6339.000000
-6368.000000
-6366.000000
-6363.000000
-6341.000000
-6324.000000
-6263.000000
-6142.000000
-6113.000000
-6056.000000
-6049.000000
-6031.000000
-6009.000000
-5974.000000
-5957.000000
-5881.000000
-5788.000000
-5747.000000
-5685.000000
-5650.000000
-5664.000000
-5703.000000
-5700.000000
-5670.000000
-5654.000000
-5600.000000
-5526.000000
-5447.000000
-5404.000000
-5394.000000
-5380.000000
-5346.000000
-5293.000000
-5273.000000
-5257.000000
-5225.000000
-5206.000000
-5179.000000
-5131.000000
-5080.000000
-5065.000000
-5058.000000
-5024.000000
-4929.000000
-4857.000000
-4750.000000
-5316.000000
-5365.000000
-5412.000000
-5489.000000
-5570.000000
-5657.000000
-5787.000000
-5887.000000
-6001.000000
-6139.000000
-6244.000000
-6299.000000
-6328.000000
-6342.000000
-6349.000000
-6353.000000
-6364.000000
-6364.000000
-6360.000000
-6351.000000
-6296.000000
-6160.000000
-6024.000000
-6004.000000
-5980.000000
-5972.000000
-5975.000000
-5965.000000
-5945.000000
-5919.000000
-5859.000000
-5797.000000
-5757.000000
-5706.000000
-5694.000000
-5692.000000
-5698.000000
-5684.000000
-5661.000000
-5640.000000
-5590.000000
-5518.000000
-5458.000000
-5412.000000
-5391.000000
-5363.000000
-5318.000000
-5285.000000
-5265.000000
-5246.000000
-5216.000000
-5213.000000
-5198.000000
-5178.000000
-5141.000000
-5107.000000
-5065.000000
-5031.000000
-4972.000000
-4912.000000
-4837.000000
-5426.000000
-5481.000000
-5528.000000
-5581.000000
-5664.000000
-5752.000000
-5906.000000
-6049.000000
-6150.000000
-6253.000000
-6313.000000
-6346.000000
-6346.000000
-6337.000000
-6340.000000
-6342.000000
-6339.000000
-6348.000000
-6350.000000
-6348.000000
-6229.000000
-6032.000000
-5956.000000
-5950.000000
-5945.000000
-5954.000000
-5949.000000
-5932.000000
-5904.000000
-5846.000000
-5827.000000
-5809.000000
-5770.000000
-5744.000000
-5731.000000
-5708.000000
-5690.000000
-5661.000000
-5639.000000
-5605.000000
-5570.000000
-5524.000000
-5478.000000
-5434.000000
-5404.000000
-5367.000000
-5321.000000
-5287.000000
-5268.000000
-5239.000000
-5220.000000
-5203.000000
-5197.000000
-5181.000000
-5160.000000
-5132.000000
-5072.000000
-5034.000000
-4994.000000
-4952.000000
-4901.000000
-5585.000000
-5647.000000
-5719.000000
-5774.000000
-5809.000000
-5868.000000
-6010.000000
-6136.000000
-6244.000000
-6340.000000
-6359.000000
-6352.000000
-6357.000000
-6351.000000
-6338.000000
-6342.000000
-6349.000000
-6345.000000
-6355.000000
-6302.000000
-6178.000000
-6006.000000
-5942.000000
-5941.000000
-5952.000000
-5956.000000
-5930.000000
-5899.000000
-5856.000000
-5800.000000
-5794.000000
-5783.000000
-5749.000000
-5727.000000
-5693.000000
-5689.000000
-5665.000000
-5617.000000
-5591.000000
-5552.000000
-5529.000000
-5497.000000
-5462.000000
-5439.000000
-5403.000000
-5349.000000
-5313.000000
-5286.000000
-5264.000000
-5240.000000
-5226.000000
-5208.000000
-5198.000000
-5171.000000
-5150.000000
-5104.000000
-5063.000000
-5033.000000
-5009.000000
-4988.000000
-4953.000000
-5783.000000
-5859.000000
-5929.000000
-5948.000000
-5977.000000
-6027.000000
-6107.000000
-6195.000000
-6287.000000
-6329.000000
-6365.000000
-6367.000000
-6375.000000
-6370.000000
-6339.000000
-6338.000000
-6332.000000
-6329.000000
-6314.000000
-6276.000000
-6177.000000
-6066.000000
-5989.000000
-5956.000000
-5926.000000
-5914.000000
-5869.000000
-5869.000000
-5816.000000
-5772.000000
-5758.000000
-5749.000000
-5708.000000
-5665.000000
-5643.000000
-5628.000000
-5593.000000
-5563.000000
-5528.000000
-5499.000000
-5484.000000
-5459.000000
-5415.000000
-5382.000000
-5333.000000
-5293.000000
-5276.000000
-5256.000000
-5247.000000
-5239.000000
-5229.000000
-5211.000000
-5182.000000
-5146.000000
-5108.000000
-5046.000000
-5036.000000
-5024.000000
-5012.000000
-5000.000000
-4980.000000
-5999.000000
-6042.000000
-6056.000000
-6087.000000
-6135.000000
-6194.000000
-6278.000000
-6316.000000
-6348.000000
-6348.000000
-6402.000000
-6377.000000
-6378.000000
-6396.000000
-6352.000000
-6314.000000
-6287.000000
-6286.000000
-6243.000000
-6184.000000
-6115.000000
-6051.000000
-5989.000000
-5937.000000
-5861.000000
-5830.000000
-5781.000000
-5769.000000
-5746.000000
-5720.000000
-5709.000000
-5669.000000
-5614.000000
-5564.000000
-5567.000000
-5551.000000
-5492.000000
-5469.000000
-5450.000000
-5452.000000
-5432.000000
-5411.000000
-5347.000000
-5313.000000
-5258.000000
-5239.000000
-5239.000000
-5224.000000
-5218.000000
-5215.000000
-5203.000000
-5202.000000
-5160.000000
-5114.000000
-5086.000000
-5047.000000
-5028.000000
-5014.000000
-5008.000000
-5007.000000
-4997.000000
-6184.000000
-6204.000000
-6212.000000
-6238.000000
-6274.000000
-6333.000000
-6350.000000
-6360.000000
-6382.000000
-6402.000000
-6443.000000
-6387.000000
-6346.000000
-6352.000000
-6346.000000
-6259.000000
-6180.000000
-6130.000000
-6036.000000
-6029.000000
-5996.000000
-5925.000000
-5851.000000
-5807.000000
-5784.000000
-5734.000000
-5677.000000
-5676.000000
-5672.000000
-5651.000000
-5621.000000
-5566.000000
-5502.000000
-5452.000000
-5429.000000
-5406.000000
-5377.000000
-5368.000000
-5348.000000
-5330.000000
-5304.000000
-5277.000000
-5216.000000
-5177.000000
-5164.000000
-5166.000000
-5173.000000
-5173.000000
-5171.000000
-5174.000000
-5144.000000
-5153.000000
-5105.000000
-5050.000000
-5028.000000
-5013.000000
-5003.000000
-4994.000000
-4992.000000
-4997.000000
-4993.000000
-6280.000000
-6318.000000
-6319.000000
-6328.000000
-6319.000000
-6328.000000
-6349.000000
-6352.000000
-6361.000000
-6343.000000
-6353.000000
-6333.000000
-6284.000000
-6239.000000
-6205.000000
-6139.000000
-6030.000000
-5971.000000
-5880.000000
-5813.000000
-5861.000000
-5783.000000
-5708.000000
-5704.000000
-5713.000000
-5652.000000
-5602.000000
-5590.000000
-5597.000000
-5558.000000
-5518.000000
-5464.000000
-5407.000000
-5363.000000
-5337.000000
-5312.000000
-5292.000000
-5267.000000
-5239.000000
-5208.000000
-5199.000000
-5161.000000
-5087.000000
-5067.000000
-5096.000000
-5094.000000
-5102.000000
-5107.000000
-5102.000000
-5090.000000
-5059.000000
-5031.000000
-5029.000000
-4960.000000
-4956.000000
-4958.000000
-4959.000000
-4959.000000
-4963.000000
-4969.000000
-4971.000000
-6332.000000
-6342.000000
-6348.000000
-6334.000000
-6311.000000
-6289.000000
-6328.000000
-6332.000000
-6337.000000
-6274.000000
-6238.000000
-6209.000000
-6169.000000
-6122.000000
-6047.000000
-5983.000000
-5903.000000
-5853.000000
-5766.000000
-5716.000000
-5701.000000
-5644.000000
-5625.000000
-5616.000000
-5607.000000
-5551.000000
-5516.000000
-5496.000000
-5495.000000
-5461.000000
-5420.000000
-5366.000000
-5321.000000
-5285.000000
-5250.000000
-5218.000000
-5194.000000
-5175.000000
-5140.000000
-5101.000000
-5071.000000
-5055.000000
-5018.000000
-5010.000000
-5022.000000
-5016.000000
-5029.000000
-5033.000000
-5026.000000
-5008.000000
-4967.000000
-4894.000000
-4902.000000
-4891.000000
-4895.000000
-4903.000000
-4912.000000
-4920.000000
-4929.000000
-4939.000000
-4945.000000
-6359.000000
-6363.000000
-6364.000000
-6330.000000
-6314.000000
-6313.000000
-6306.000000
-6275.000000
-6250.000000
-6195.000000
-6112.000000
-6068.000000
-6035.000000
-5982.000000
-5881.000000
-5837.000000
-5766.000000
-5725.000000
-5639.000000
-5595.000000
-5580.000000
-5530.000000
-5547.000000
-5527.000000
-5500.000000
-5455.000000
-5425.000000
-5396.000000
-5372.000000
-5356.000000
-5318.000000
-5264.000000
-5220.000000
-5205.000000
-5163.000000
-5118.000000
-5096.000000
-5100.000000
-5067.000000
-5017.000000
-4980.000000
-4967.000000
-4963.000000
-4958.000000
-4973.000000
-4976.000000
-4974.000000
-4975.000000
-4956.000000
-4928.000000
-4883.000000
-4816.000000
-4814.000000
-4828.000000
-4840.000000
-4850.000000
-4866.000000
-4878.000000
-4892.000000
-4906.000000
-4916.000000
-6368.000000
-6357.000000
-6352.000000
-6326.000000
-6287.000000
-6254.000000
-6216.000000
-6178.000000
-6136.000000
-6074.000000
-5993.000000
-5930.000000
-5910.000000
-5863.000000
-5782.000000
-5731.000000
-5694.000000
-5607.000000
-5566.000000
-5570.000000
-5528.000000
-5484.000000
-5476.000000
-5437.000000
-5395.000000
-5361.000000
-5322.000000
-5296.000000
-5276.000000
-5256.000000
-5230.000000
-5186.000000
-5148.000000
-5126.000000
-5082.000000
-5038.000000
-5026.000000
-5027.000000
-5012.000000
-4968.000000
-4936.000000
-4914.000000
-4916.000000
-4923.000000
-4940.000000
-4938.000000
-4923.000000
-4906.000000
-4884.000000
-4857.000000
-4821.000000
-4781.000000
-4774.000000
-4784.000000
-4796.000000
-4806.000000
-4821.000000
-4836.000000
-4850.000000
-4863.000000
-4875.000000
-6359.000000
-6323.000000
-6320.000000
-6254.000000
-6184.000000
-6150.000000
-6081.000000
-6046.000000
-6017.000000
-5964.000000
-5877.000000
-5810.000000
-5787.000000
-5757.000000
-5694.000000
-5650.000000
-5611.000000
-5520.000000
-5469.000000
-5467.000000
-5444.000000
-5409.000000
-5392.000000
-5345.000000
-5318.000000
-5273.000000
-5227.000000
-5203.000000
-5192.000000
-5180.000000
-5158.000000
-5110.000000
-5065.000000
-5056.000000
-5013.000000
-4971.000000
-4960.000000
-4956.000000
-4947.000000
-4915.000000
-4887.000000
-4849.000000
-4834.000000
-4859.000000
-4900.000000
-4878.000000
-4865.000000
-4838.000000
-4813.000000
-4796.000000
-4771.000000
-4741.000000
-4738.000000
-4747.000000
-4757.000000
-4765.000000
-4778.000000
-4793.000000
-4807.000000
-4819.000000
-4831.000000
-6298.000000
-6214.000000
-6190.000000
-6135.000000
-6057.000000
-5990.000000
-5926.000000
-5890.000000
-5861.000000
-5822.000000
-5787.000000
-5725.000000
-5704.000000
-5696.000000
-5631.000000
-5568.000000
-5510.000000
-5428.000000
-5396.000000
-5394.000000
-5363.000000
-5323.000000
-5279.000000
-5228.000000
-5210.000000
-5194.000000
-5152.000000
-5128.000000
-5116.000000
-5099.000000
-5080.000000
-5038.000000
-4983.000000
-4966.000000
-4939.000000
-4902.000000
-4878.000000
-4886.000000
-4884.000000
-4863.000000
-4829.000000
-4742.000000
-4612.000000
-4682.000000
-4828.000000
-4825.000000
-4798.000000
-4792.000000
-4771.000000
-4753.000000
-4735.000000
-4718.000000
-4712.000000
-4717.000000
-4724.000000
-4729.000000
-4740.000000
-4754.000000
-4766.000000
-4775.000000
-4787.000000
-6142.000000
-6065.000000
-6006.000000
-5961.000000
-5897.000000
-5805.000000
-5721.000000
-5695.000000
-5695.000000
-5679.000000
-5657.000000
-5608.000000
-5602.000000
-5595.000000
-5567.000000
-5497.000000
-5428.000000
-5371.000000
-5320.000000
-5293.000000
-5261.000000
-5234.000000
-5193.000000
-5152.000000
-5128.000000
-5106.000000
-5085.000000
-5060.000000
-5048.000000
-5031.000000
-5001.000000
-4961.000000
-4920.000000
-4892.000000
-4873.000000
-4843.000000
-4816.000000
-4834.000000
-4836.000000
-4824.000000
-4785.000000
-4673.000000
-4583.000000
-4654.000000
-4768.000000
-4763.000000
-4746.000000
-4739.000000
-4726.000000
-4714.000000
-4702.000000
-4692.000000
-4688.000000
-4690.000000
-4694.000000
-4700.000000
-4708.000000
-4719.000000
-4729.000000
-4737.000000
-4747.000000
-5979.000000
-5903.000000
-5842.000000
-5795.000000
-5725.000000
-5607.000000
-5483.000000
-5466.000000
-5485.000000
-5521.000000
-5525.000000
-5512.000000
-5507.000000
-5500.000000
-5473.000000
-5421.000000
-5357.000000
-5289.000000
-5232.000000
-5194.000000
-5165.000000
-5132.000000
-5123.000000
-5077.000000
-5051.000000
-5029.000000
-5022.000000
-4989.000000
-4983.000000
-4966.000000
-4929.000000
-4893.000000
-4861.000000
-4841.000000
-4822.000000
-4799.000000
-4779.000000
-4802.000000
-4802.000000
-4794.000000
-4743.000000
-4639.000000
-4535.000000
-4626.000000
-4691.000000
-4687.000000
-4685.000000
-4686.000000
-4682.000000
-4675.000000
-4669.000000
-4663.000000
-4661.000000
-4663.000000
-4666.000000
-4670.000000
-4677.000000
-4686.000000
-4694.000000
-4701.000000
-4709.000000
-5801.000000
-5753.000000
-5718.000000
-5660.000000
-5588.000000
-5428.000000
-5236.000000
-5236.000000
-5276.000000
-5363.000000
-5417.000000
-5418.000000
-5416.000000
-5412.000000
-5390.000000
-5348.000000
-5296.000000
-5238.000000
-5142.000000
-5095.000000
-5077.000000
-5038.000000
-5038.000000
-4999.000000
-4981.000000
-4975.000000
-4944.000000
-4921.000000
-4915.000000
-4904.000000
-4858.000000
-4831.000000
-4811.000000
-4791.000000
-4776.000000
-4760.000000
-4743.000000
-4754.000000
-4758.000000
-4755.000000
-4746.000000
-4684.000000
-4624.000000
-4643.000000
-4535.000000
-4589.000000
-4621.000000
-4636.000000
-4638.000000
-4637.000000
-4635.000000
-4632.000000
-4631.000000
-4635.000000
-4638.000000
-4640.000000
-4646.000000
-4655.000000
-4662.000000
-4666.000000
-4673.000000
-5677.000000
-5635.000000
-5598.000000
-5551.000000
-5451.000000
-5277.000000
-5055.000000
-5052.000000
-5164.000000
-5258.000000
-5303.000000
-5321.000000
-5318.000000
-5303.000000
-5290.000000
-5259.000000
-5215.000000
-5150.000000
-5051.000000
-4991.000000
-4987.000000
-4958.000000
-4945.000000
-4926.000000
-4903.000000
-4896.000000
-4870.000000
-4850.000000
-4831.000000
-4808.000000
-4787.000000
-4779.000000
-4764.000000
-4734.000000
-4713.000000
-4698.000000
-4690.000000
-4705.000000
-4716.000000
-4723.000000
-4728.000000
-4686.000000
-4661.000000
-4680.000000
-4588.000000
-4579.000000
-4588.000000
-4594.000000
-4599.000000
-4601.000000
-4603.000000
-4603.000000
-4605.000000
-4609.000000
-4613.000000
-4616.000000
-4622.000000
-4629.000000
-4634.000000
-4638.000000
-4643.000000
-5542.000000
-5518.000000
-5474.000000
-5421.000000
-5342.000000
-5222.000000
-5042.000000
-5067.000000
-5150.000000
-5215.000000
-5217.000000
-5230.000000
-5230.000000
-5215.000000
-5198.000000
-5161.000000
-5108.000000
-5064.000000
-4953.000000
-4925.000000
-4904.000000
-4876.000000
-4869.000000
-4869.000000
-4851.000000
-4834.000000
-4806.000000
-4778.000000
-4749.000000
-4719.000000
-4713.000000
-4725.000000
-4698.000000
-4665.000000
-4659.000000
-4638.000000
-4642.000000
-4662.000000
-4674.000000
-4677.000000
-4659.000000
-4631.000000
-4644.000000
-4668.000000
-4599.000000
-4571.000000
-4562.000000
-4559.000000
-4563.000000
-4569.000000
-4572.000000
-4574.000000
-4580.000000
-4586.000000
-4590.000000
-4593.000000
-4599.000000
-4606.000000
-4610.000000
-4612.000000
-4615.000000
-5408.000000
-5375.000000
-5332.000000
-5295.000000
-5253.000000
-5184.000000
-5149.000000
-5125.000000
-5154.000000
-5163.000000
-5150.000000
-5152.000000
-5146.000000
-5127.000000
-5108.000000
-5051.000000
-4986.000000
-4939.000000
-4894.000000
-4866.000000
-4834.000000
-4806.000000
-4809.000000
-4826.000000
-4800.000000
-4774.000000
-4751.000000
-4721.000000
-4683.000000
-4657.000000
-4656.000000
-4654.000000
-4629.000000
-4603.000000
-4588.000000
-4582.000000
-4600.000000
-4615.000000
-4628.000000
-4620.000000
-4601.000000
-4590.000000
-4596.000000
-4600.000000
-4569.000000
-4547.000000
-4537.000000
-4532.000000
-4535.000000
-4540.000000
-4546.000000
-4551.000000
-4558.000000
-4565.000000
-4571.000000
-4576.000000
-4581.000000
-4586.000000
-4589.000000
-4591.000000
-4592.000000
-5268.000000
-5242.000000
-5210.000000
-5176.000000
-5134.000000
-5080.000000
-5088.000000
-5077.000000
-5081.000000
-5090.000000
-5062.000000
-5072.000000
-5069.000000
-5048.000000
-5002.000000
-4943.000000
-4880.000000
-4846.000000
-4849.000000
-4820.000000
-4778.000000
-4754.000000
-4745.000000
-4761.000000
-4735.000000
-4710.000000
-4686.000000
-4647.000000
-4622.000000
-4599.000000
-4607.000000
-4596.000000
-4570.000000
-4559.000000
-4532.000000
-4521.000000
-4548.000000
-4559.000000
-4571.000000
-4570.000000
-4551.000000
-4542.000000
-4542.000000
-4540.000000
-4525.000000
-4513.000000
-4506.000000
-4504.000000
-4507.000000
-4514.000000
-4521.000000
-4529.000000
-4538.000000
-4545.000000
-4552.000000
-4559.000000
-4564.000000
-4567.000000
-4570.000000
-4571.000000
-4571.000000
-5145.000000
-5116.000000
-5095.000000
-5059.000000
-5012.000000
-4964.000000
-4951.000000
-4970.000000
-4968.000000
-4969.000000
-4947.000000
-4992.000000
-4993.000000
-4968.000000
-4900.000000
-4848.000000
-4808.000000
-4784.000000
-4795.000000
-4776.000000
-4733.000000
-4683.000000
-4714.000000
-4717.000000
-4664.000000
-4611.000000
-4554.000000
-4540.000000
-4538.000000
-4529.000000
-4559.000000
-4547.000000
-4529.000000
-4509.000000
-4491.000000
-4491.000000
-4519.000000
-4494.000000
-4462.000000
-4483.000000
-4485.000000
-4486.000000
-4487.000000
-4484.000000
-4477.000000
-4474.000000
-4473.000000
-4474.000000
-4479.000000
-4489.000000
-4498.000000
-4508.000000
-4519.000000
-4527.000000
-4534.000000
-4542.000000
-4548.000000
-4549.000000
-4551.000000
-4553.000000
-4551.000000
-5026.000000
-4982.000000
-4977.000000
-4965.000000
-4903.000000
-4854.000000
-4848.000000
-4881.000000
-4873.000000
-4858.000000
-4828.000000
-4898.000000
-4891.000000
-4853.000000
-4789.000000
-4762.000000
-4734.000000
-4692.000000
-4703.000000
-4702.000000
-4688.000000
-4626.000000
-4649.000000
-4633.000000
-4577.000000
-4507.000000
-4437.000000
-4433.000000
-4472.000000
-4487.000000
-4492.000000
-4490.000000
-4481.000000
-4460.000000
-4442.000000
-4438.000000
-4458.000000
-4443.000000
-4424.000000
-4427.000000
-4430.000000
-4434.000000
-4435.000000
-4434.000000
-4434.000000
-4437.000000
-4440.000000
-4445.000000
-4454.000000
-4464.000000
-4476.000000
-4488.000000
-4499.000000
-4507.000000
-4515.000000
-4523.000000
-4527.000000
-4529.000000
-4530.000000
-4531.000000
-4530.000000
-4902.000000
-4882.000000
-4880.000000
-4850.000000
-4803.000000
-4769.000000
-4769.000000
-4775.000000
-4787.000000
-4776.000000
-4743.000000
-4845.000000
-4806.000000
-4763.000000
-4706.000000
-4659.000000
-4610.000000
-4545.000000
-4581.000000
-4603.000000
-4597.000000
-4561.000000
-4604.000000
-4567.000000
-4509.000000
-4444.000000
-4411.000000
-4428.000000
-4440.000000
-4414.000000
-4418.000000
-4432.000000
-4436.000000
-4410.000000
-4397.000000
-4392.000000
-4404.000000
-4398.000000
-4387.000000
-4381.000000
-4381.000000
-4386.000000
-4389.000000
-4388.000000
-4392.000000
-4400.000000
-4408.000000
-4415.000000
-4428.000000
-4439.000000
-4452.000000
-4466.000000
-4478.000000
-4485.000000
-4493.000000
-4502.000000
-4506.000000
-4506.000000
-4506.000000
-4509.000000
-4507.000000
-4797.000000
-4783.000000
-4781.000000
-4741.000000
-4703.000000
-4697.000000
-4716.000000
-4701.000000
-4690.000000
-4666.000000
-4668.000000
-4745.000000
-4691.000000
-4648.000000
-4602.000000
-4546.000000
-4494.000000
-4387.000000
-4452.000000
-4502.000000
-4512.000000
-4512.000000
-4530.000000
-4501.000000
-4464.000000
-4425.000000
-4410.000000
-4390.000000
-4389.000000
-4358.000000
-4355.000000
-4374.000000
-4383.000000
-4368.000000
-4359.000000
-4361.000000
-4364.000000
-4360.000000
-4351.000000
-4345.000000
-4343.000000
-4347.000000
-4350.000000
-4352.000000
-4358.000000
-4367.000000
-4377.000000
-4388.000000
-4400.000000
-4413.000000
-4426.000000
-4440.000000
-4451.000000
-4459.000000
-4466.000000
-4474.000000
-4478.000000
-4478.000000
-4479.000000
-4480.000000
-4479.000000
-4710.000000
-4700.000000
-4685.000000
-4648.000000
-4605.000000
-4602.000000
-4621.000000
-4618.000000
-4612.000000
-4608.000000
-4630.000000
-4669.000000
-4605.000000
-4546.000000
-4504.000000
-4426.000000
-4385.000000
-4334.000000
-4387.000000
-4439.000000
-4434.000000
-4455.000000
-4468.000000
-4445.000000
-4439.000000
-4436.000000
-4406.000000
-4331.000000
-4302.000000
-4286.000000
-4323.000000
-4331.000000
-4342.000000
-4332.000000
-4338.000000
-4338.000000
-4333.000000
-4326.000000
-4317.000000
-4309.000000
-4307.000000
-4310.000000
-4313.000000
-4316.000000
-4324.000000
-4336.000000
-4347.000000
-4360.000000
-4373.000000
-4386.000000
-4399.000000
-4413.000000
-4424.000000
-4431.000000
-4438.000000
-4445.000000
-4449.000000
-4449.000000
-4449.000000
-4450.000000
-4450.000000
-4644.000000
-4629.000000
-4611.000000
-4579.000000
-4530.000000
-4507.000000
-4521.000000
-4534.000000
-4537.000000
-4536.000000
-4559.000000
-4609.000000
-4519.000000
-4469.000000
-4418.000000
-4317.000000
-4323.000000
-4286.000000
-4370.000000
-4404.000000
-4388.000000
-4404.000000
-4440.000000
-4418.000000
-4408.000000
-4405.000000
-4383.000000
-4328.000000
-4239.000000
-4190.000000
-4255.000000
-4268.000000
-4298.000000
-4306.000000
-4313.000000
-4316.000000
-4304.000000
-4294.000000
-4283.000000
-4273.000000
-4269.000000
-4275.000000
-4278.000000
-4281.000000
-4291.000000
-4305.000000
-4318.000000
-4331.000000
-4345.000000
-4357.000000
-4371.000000
-4386.000000
-4396.000000
-4400.000000
-4406.000000
-4416.000000
-4419.000000
-4416.000000
-4416.000000
-4419.000000
-4420.000000
-4583.000000
-4563.000000
-4548.000000
-4501.000000
-4465.000000
-4465.000000
-4456.000000
-4456.000000
-4451.000000
-4437.000000
-4457.000000
-4505.000000
-4444.000000
-4404.000000
-4444.000000
-4386.000000
-4395.000000
-4404.000000
-4401.000000
-4371.000000
-4351.000000
-4383.000000
-4373.000000
-4368.000000
-4360.000000
-4352.000000
-4353.000000
-4303.000000
-4224.000000
-4166.000000
-4229.000000
-4246.000000
-4279.000000
-4285.000000
-4288.000000
-4287.000000
-4274.000000
-4264.000000
-4253.000000
-4243.000000
-4241.000000
-4246.000000
-4250.000000
-4253.000000
-4263.000000
-4276.000000
-4290.000000
-4302.000000
-4315.000000
-4325.000000
-4337.000000
-4349.000000
-4359.000000
-4362.000000
-4367.000000
-4374.000000
-4377.000000
-4375.000000
-4376.000000
-4379.000000
-4382.000000
-4508.000000
-4485.000000
-4489.000000
-4446.000000
-4408.000000
-4399.000000
-4402.000000
-4404.000000
-4393.000000
-4391.000000
-4451.000000
-4483.000000
-4404.000000
-4377.000000
-4427.000000
-4398.000000
-4411.000000
-4434.000000
-4384.000000
-4329.000000
-4329.000000
-4377.000000
-4347.000000
-4334.000000
-4331.000000
-4323.000000
-4315.000000
-4274.000000
-4233.000000
-4212.000000
-4275.000000
-4266.000000
-4269.000000
-4266.000000
-4261.000000
-4255.000000
-4245.000000
-4235.000000
-4227.000000
-4219.000000
-4217.000000
-4221.000000
-4226.000000
-4231.000000
-4240.000000
-4250.000000
-4261.000000
-4272.000000
-4282.000000
-4291.000000
-4300.000000
-4308.000000
-4314.000000
-4317.000000
-4321.000000
-4325.000000
-4328.000000
-4329.000000
-4331.000000
-4334.000000
-4339.000000
-4418.000000
-4403.000000
-4404.000000
-4385.000000
-4359.000000
-4355.000000
-4355.000000
-4353.000000
-4342.000000
-4344.000000
-4451.000000
-4433.000000
-4327.000000
-4320.000000
-4366.000000
-4349.000000
-4370.000000
-4385.000000
-4335.000000
-4282.000000
-4273.000000
-4298.000000
-4293.000000
-4293.000000
-4305.000000
-4295.000000
-4283.000000
-4263.000000
-4244.000000
-4235.000000
-4265.000000
-4259.000000
-4255.000000
-4244.000000
-4235.000000
-4226.000000
-4215.000000
-4208.000000
-4201.000000
-4194.000000
-4194.000000
-4198.000000
-4203.000000
-4208.000000
-4216.000000
-4225.000000
-4234.000000
-4242.000000
-4250.000000
-4255.000000
-4261.000000
-4266.000000
-4270.000000
-4271.000000
-4273.000000
-4275.000000
-4277.000000
-4281.000000
-4285.000000
-4289.000000
-4295.000000
-4349.000000
-4340.000000
-4342.000000
-4322.000000
-4311.000000
-4325.000000
-4308.000000
-4308.000000
-4310.000000
-4341.000000
-4414.000000
-4368.000000
-4282.000000
-4308.000000
-4309.000000
-4297.000000
-4306.000000
-4314.000000
-4280.000000
-4261.000000
-4303.000000
-4285.000000
-4272.000000
-4262.000000
-4272.000000
-4282.000000
-4261.000000
-4241.000000
-4238.000000
-4232.000000
-4238.000000
-4233.000000
-4226.000000
-4216.000000
-4206.000000
-4197.000000
-4189.000000
-4183.000000
-4178.000000
-4174.000000
-4174.000000
-4178.000000
-4182.000000
-4187.000000
-4193.000000
-4199.000000
-4205.000000
-4211.000000
-4215.000000
-4218.000000
-4221.000000
-4223.000000
-4224.000000
-4224.000000
-4225.000000
-4226.000000
-4229.000000
-4234.000000
-4239.000000
-4245.000000
-4254.000000
-4293.000000
-4281.000000
-4274.000000
-4254.000000
-4257.000000
-4279.000000
-4288.000000
-4272.000000
-4268.000000
-4304.000000
-4349.000000
-4327.000000
-4290.000000
-4280.000000
-4251.000000
-4227.000000
-4244.000000
-4262.000000
-4239.000000
-4226.000000
-4255.000000
-4260.000000
-4256.000000
-4248.000000
-4247.000000
-4245.000000
-4233.000000
-4222.000000
-4218.000000
-4212.000000
-4209.000000
-4202.000000
-4195.000000
-4186.000000
-4177.000000
-4169.000000
-4162.000000
-4159.000000
-4155.000000
-4153.000000
-4155.000000
-4158.000000
-4162.000000
-4166.000000
-4170.000000
-4174.000000
-4178.000000
-4180.000000
-4181.000000
-4181.000000
-4181.000000
-4179.000000
-4178.000000
-4178.000000
-4177.000000
-4177.000000
-4180.000000
-4187.000000
-4194.000000
-4201.000000
-4212.000000
-4254.000000
-4247.000000
-4228.000000
-4209.000000
-4232.000000
-4234.000000
-4221.000000
-4226.000000
-4233.000000
-4265.000000
-4302.000000
-4286.000000
-4268.000000
-4254.000000
-4193.000000
-4177.000000
-4188.000000
-4205.000000
-4194.000000
-4178.000000
-4225.000000
-4243.000000
-4237.000000
-4233.000000
-4220.000000
-4214.000000
-4215.000000
-4203.000000
-4194.000000
-4188.000000
-4180.000000
-4172.000000
-4163.000000
-4155.000000
-4148.000000
-4140.000000
-4135.000000
-4135.000000
-4133.000000
-4131.000000
-4135.000000
-4139.000000
-4142.000000
-4144.000000
-4147.000000
-4149.000000
-4151.000000
-4151.000000
-4148.000000
-4145.000000
-4141.000000
-4136.000000
-4132.000000
-4132.000000
-4131.000000
-4128.000000
-4131.000000
-4141.000000
-4150.000000
-4157.000000
-4171.000000
-4241.000000
-4226.000000
-4175.000000
-4158.000000
-4197.000000
-4217.000000
-4194.000000
-4199.000000
-4219.000000
-4270.000000
-4256.000000
-4230.000000
-4199.000000
-4203.000000
-4162.000000
-4139.000000
-4154.000000
-4176.000000
-4197.000000
-4177.000000
-4210.000000
-4232.000000
-4238.000000
-4223.000000
-4196.000000
-4187.000000
-4184.000000
-4176.000000
-4167.000000
-4157.000000
-4148.000000
-4140.000000
-4130.000000
-4126.000000
-4120.000000
-4114.000000
-4112.000000
-4113.000000
-4114.000000
-4114.000000
-4118.000000
-4121.000000
-4123.000000
-4125.000000
-4125.000000
-4125.000000
-4124.000000
-4122.000000
-4116.000000
-4111.000000
-4104.000000
-4096.000000
-4091.000000
-4092.000000
-4090.000000
-4087.000000
-4090.000000
-4102.000000
-4112.000000
-4120.000000
-4136.000000
-4206.000000
-4185.000000
-4151.000000
-4148.000000
-4180.000000
-4194.000000
-4169.000000
-4172.000000
-4188.000000
-4211.000000
-4209.000000
-4187.000000
-4162.000000
-4163.000000
-4153.000000
-4132.000000
-4133.000000
-4142.000000
-4151.000000
-4165.000000
-4197.000000
-4209.000000
-4229.000000
-4210.000000
-4186.000000
-4172.000000
-4162.000000
-4151.000000
-4140.000000
-4129.000000
-4119.000000
-4111.000000
-4103.000000
-4099.000000
-4096.000000
-4092.000000
-4092.000000
-4094.000000
-4096.000000
-4098.000000
-4102.000000
-4104.000000
-4106.000000
-4107.000000
-4105.000000
-4103.000000
-4099.000000
-4093.000000
-4086.000000
-4079.000000
-4071.000000
-4063.000000
-4057.000000
-4057.000000
-4056.000000
-4054.000000
-4059.000000
-4071.000000
-4082.000000
-4093.000000
-4109.000000
-4189.000000
-4175.000000
-4141.000000
-4140.000000
-4176.000000
-4179.000000
-4145.000000
-4150.000000
-4155.000000
-4159.000000
-4161.000000
-4148.000000
-4132.000000
-4132.000000
-4128.000000
-4122.000000
-4134.000000
-4132.000000
-4131.000000
-4141.000000
-4158.000000
-4178.000000
-4200.000000
-4185.000000
-4167.000000
-4155.000000
-4140.000000
-4127.000000
-4114.000000
-4101.000000
-4091.000000
-4084.000000
-4076.000000
-4075.000000
-4073.000000
-4070.000000
-4072.000000
-4075.000000
-4078.000000
-4082.000000
-4086.000000
-4088.000000
-4089.000000
-4089.000000
-4086.000000
-4081.000000
-4074.000000
-4066.000000
-4057.000000
-4049.000000
-4040.000000
-4030.000000
-4025.000000
-4026.000000
-4025.000000
-4023.000000
-4029.000000
-4043.000000
-4056.000000
-4067.000000
-4085.000000
-4170.000000
-4157.000000
-4138.000000
-4136.000000
-4148.000000
-4147.000000
-4131.000000
-4129.000000
-4128.000000
-4126.000000
-4125.000000
-4116.000000
-4105.000000
-4124.000000
-4124.000000
-4131.000000
-4151.000000
-4137.000000
-4127.000000
-4128.000000
-4136.000000
-4148.000000
-4158.000000
-4151.000000
-4139.000000
-4127.000000
-4114.000000
-4102.000000
-4090.000000
-4078.000000
-4069.000000
-4062.000000
-4056.000000
-4054.000000
-4053.000000
-4052.000000
-4054.000000
-4058.000000
-4062.000000
-4065.000000
-4069.000000
-4070.000000
-4070.000000
-4069.000000
-4065.000000
-4059.000000
-4051.000000
-4041.000000
-4032.000000
-4023.000000
-4014.000000
-4005.000000
-4000.000000
-4001.000000
-4001.000000
-4003.000000
-4010.000000
-4023.000000
-4036.000000
-4050.000000
-4067.000000
-4151.000000
-4139.000000
-4127.000000
-4124.000000
-4125.000000
-4120.000000
-4112.000000
-4109.000000
-4106.000000
-4101.000000
-4100.000000
-4097.000000
-4095.000000
-4104.000000
-4110.000000
-4119.000000
-4130.000000
-4125.000000
-4117.000000
-4113.000000
-4115.000000
-4118.000000
-4122.000000
-4118.000000
-4109.000000
-4098.000000
-4088.000000
-4078.000000
-4067.000000
-4056.000000
-4047.000000
-4041.000000
-4036.000000
-4035.000000
-4034.000000
-4034.000000
-4036.000000
-4041.000000
-4045.000000
-4049.000000
-4052.000000
-4053.000000
-4053.000000
-4050.000000
-4045.000000
-4038.000000
-4028.000000
-4018.000000
-4007.000000
-3998.000000
-3989.000000
-3980.000000
-3975.000000
-3977.000000
-3979.000000
-3982.000000
-3991.000000
-4004.000000
-4019.000000
-4033.000000
-4051.000000
-4134.000000
-4125.000000
-4113.000000
-4112.000000
-4109.000000
-4099.000000
-4093.000000
-4093.000000
-4089.000000
-4080.000000
-4080.000000
-4082.000000
-4082.000000
-4084.000000
-4092.000000
-4101.000000
-4108.000000
-4110.000000
-4100.000000
-4095.000000
-4092.000000
-4090.000000
-4092.000000
-4089.000000
-4081.000000
-4070.000000
-4062.000000
-4055.000000
-4046.000000
-4034.000000
-4026.000000
-4021.000000
-4016.000000
-4018.000000
-4017.000000
-4015.000000
-4018.000000
-4025.000000
-4030.000000
-4034.000000
-4037.000000
-4037.000000
-4035.000000
-4033.000000
-4027.000000
-4018.000000
-4007.000000
-3995.000000
-3983.000000
-3975.000000
-3965.000000
-3955.000000
-3950.000000
-3955.000000
-3959.000000
-3961.000000
-3971.000000
-3988.000000
-4003.000000
-4017.000000
-4035.000000
-4128.000000
-4121.000000
-4111.000000
-4108.000000
-4103.000000
-4093.000000
-4087.000000
-4087.000000
-4082.000000
-4074.000000
-4072.000000
-4074.000000
-4073.000000
-4071.000000
-4076.000000
-4083.000000
-4086.000000
-4083.000000
-4077.000000
-4075.000000
-4072.000000
-4066.000000
-4066.000000
-4065.000000
-4059.000000
-4049.000000
-4042.000000
-4038.000000
-4031.000000
-4020.000000
-4014.000000
-4010.000000
-4005.000000
-4007.000000
-4007.000000
-4004.000000
-4007.000000
-4012.000000
-4016.000000
-4019.000000
-4021.000000
-4020.000000
-4018.000000
-4014.000000
-4007.000000
-3998.000000
-3987.000000
-3975.000000
-3964.000000
-3956.000000
-3948.000000
-3938.000000
-3936.000000
-3941.000000
-3945.000000
-3949.000000
-3960.000000
-3976.000000
-3992.000000
-4006.000000
-4024.000000
-4131.000000
-4125.000000
-4118.000000
-4113.000000
-4107.000000
-4099.000000
-4093.000000
-4090.000000
-4085.000000
-4079.000000
-4075.000000
-4074.000000
-4072.000000
-4069.000000
-4069.000000
-4071.000000
-4071.000000
-4067.000000
-4063.000000
-4061.000000
-4057.000000
-4053.000000
-4051.000000
-4049.000000
-4045.000000
-4038.000000
-4033.000000
-4029.000000
-4023.000000
-4016.000000
-4011.000000
-4007.000000
-4004.000000
-4003.000000
-4002.000000
-4000.000000
-4001.000000
-4003.000000
-4005.000000
-4006.000000
-4006.000000
-4004.000000
-4000.000000
-3995.000000
-3988.000000
-3979.000000
-3969.000000
-3958.000000
-3948.000000
-3941.000000
-3934.000000
-3929.000000
-3928.000000
-3931.000000
-3937.000000
-3943.000000
-3954.000000
-3968.000000
-3983.000000
-3999.000000
-4015.000000
