 Enter number of times
 Enter starting time (in Myr)
time_topo1 =     9.000000
time_topo2 =     8.100000
time_topo3 =     7.200000
time_topo4 =     6.300000
time_topo5 =     5.400000
time_topo6 =     4.500000
time_topo7 =     3.600000
time_topo8 =     2.700000
time_topo9 =     1.800000
time_topo10 =     0.900000
