KGHelium
12
12
1	0	0	0	0	0	0	0	0	0
0
0
KingsCanyon1	-119.04444	37	2171
KingsCanyon2	-119.0725	37.03389	2134
KingsCanyon3	-119.0975	37.047501	2122
KingsCanyon4	-119.13638	37.052223	1939
KingsCanyon5	-119.24166	37.090553	1829
KingsCanyon6	-119.26945	37.154167	1890
KingsCanyon7	-119.23333	37.203888	1524
KingsCanyon8	-119.24444	37.220001	2043
KingsCanyon9	-119.41473	37.329445	2000
KingsCanyon10	-119.43417	37.336109	2049
KingsCanyon11	-119.4175	37.361111	2341
KingsCanyon12	-119.43361	37.379719	2073
1
1
1
1
1
1
1
1
1
1
1
1
0	2	0	50	137.6536
5	0.46	169.0336
2	0.893
0.014	120.0
0.4	211.09
0.04	217.36
0.06	276.0
